0.0000 -1.637415e-04 1.875004e+00
0.9766 1.690718e-04 1.875822e+00
1.9531 -1.732070e-04 1.876647e+00
2.9297 1.792995e-04 1.877453e+00
3.9062 -1.840576e-04 1.878267e+00
4.8828 1.910922e-04 1.879061e+00
5.8594 -1.966217e-04 1.879864e+00
6.8359 2.048355e-04 1.880647e+00
7.8125 -2.113288e-04 1.881438e+00
8.7891 2.210365e-04 1.882210e+00
9.7656 -2.287386e-04 1.882991e+00
10.7422 2.403573e-04 1.883752e+00
11.7188 -2.495632e-04 1.884522e+00
12.6953 2.636381e-04 1.885271e+00
13.6719 -2.745911e-04 1.886032e+00
14.6484 2.920211e-04 1.886770e+00
15.6250 -3.032314e-04 1.887520e+00
16.6016 3.327127e-04 1.888248e+00
17.5781 -2.985929e-04 1.888988e+00
18.5547 5.780863e-04 1.889703e+00
19.5312 7.862175e-04 1.890428e+00
20.5078 6.600902e-03 1.891099e+00
21.4844 3.227500e-02 1.891638e+00
22.4609 1.637688e-01 1.891406e+00
23.4375 6.376802e-01 1.888006e+00
24.4141 1.362444e+00 1.877361e+00
25.3906 1.734391e+00 1.860438e+00
26.3672 1.812512e+00 1.841643e+00
27.3438 1.821034e+00 1.822772e+00
28.3203 1.809421e+00 1.804306e+00
29.2969 1.798329e+00 1.786290e+00
30.2734 1.784182e+00 1.768757e+00
31.2500 1.772126e+00 1.751682e+00
32.2266 1.758494e+00 1.735082e+00
33.2031 1.746425e+00 1.718942e+00
34.1797 1.733284e+00 1.703258e+00
35.1562 1.721345e+00 1.688017e+00
36.1328 1.708636e+00 1.673224e+00
37.1094 1.696899e+00 1.658867e+00
38.0859 1.684588e+00 1.644938e+00
39.0625 1.673091e+00 1.631430e+00
40.0391 1.661165e+00 1.618340e+00
41.0156 1.649940e+00 1.605659e+00
41.9922 1.638388e+00 1.593376e+00
42.9688 1.627455e+00 1.581487e+00
43.9453 1.616278e+00 1.569986e+00
44.9219 1.605653e+00 1.558862e+00
45.8984 1.594847e+00 1.548105e+00
46.8750 1.584543e+00 1.537715e+00
47.8516 1.574110e+00 1.527677e+00
48.8281 1.564135e+00 1.517986e+00
49.8047 1.554076e+00 1.508630e+00
50.7812 1.544439e+00 1.499609e+00
51.7578 1.534752e+00 1.490905e+00
52.7344 1.525459e+00 1.482517e+00
53.7109 1.516146e+00 1.474433e+00
54.6875 1.507200e+00 1.466649e+00
55.6641 1.498258e+00 1.459150e+00
56.6406 1.489662e+00 1.451937e+00
57.6172 1.481092e+00 1.444992e+00
58.5938 1.472846e+00 1.438316e+00
59.5703 1.464646e+00 1.431894e+00
60.5469 1.456750e+00 1.425725e+00
61.5234 1.448915e+00 1.419794e+00
62.5000 1.441369e+00 1.414102e+00
63.4766 1.433896e+00 1.408632e+00
64.4531 1.426696e+00 1.403385e+00
65.4297 1.419580e+00 1.398347e+00
66.4062 1.412723e+00 1.393518e+00
67.3828 1.405960e+00 1.388882e+00
68.3594 1.399441e+00 1.384444e+00
69.3359 1.393024e+00 1.380184e+00
70.3125 1.386837e+00 1.376108e+00
71.2891 1.380759e+00 1.372199e+00
72.2656 1.374899e+00 1.368460e+00
73.2422 1.369152e+00 1.364876e+00
74.2188 1.363612e+00 1.361451e+00
75.1953 1.358188e+00 1.358168e+00
76.1719 1.352959e+00 1.355033e+00
77.1484 1.347851e+00 1.352029e+00
78.1250 1.342924e+00 1.349163e+00
79.1016 1.338121e+00 1.346417e+00
80.0781 1.333488e+00 1.343799e+00
81.0547 1.328981e+00 1.341291e+00
82.0312 1.324632e+00 1.338901e+00
83.0078 1.320411e+00 1.336613e+00
83.9844 1.316335e+00 1.334434e+00
84.9609 1.312389e+00 1.332348e+00
85.9375 1.308577e+00 1.330362e+00
86.9141 1.304896e+00 1.328461e+00
87.8906 1.301337e+00 1.326654e+00
88.8672 1.297908e+00 1.324924e+00
89.8438 1.294590e+00 1.323279e+00
90.8203 1.291404e+00 1.321705e+00
91.7969 1.288316e+00 1.320210e+00
92.7734 1.285361e+00 1.318779e+00
93.7500 1.282492e+00 1.317421e+00
94.7266 1.279756e+00 1.316121e+00
95.7031 1.277095e+00 1.314888e+00
96.6797 1.274566e+00 1.313707e+00
97.6562 1.272101e+00 1.312589e+00
98.6328 1.269770e+00 1.311517e+00
99.6094 1.267490e+00 1.310503e+00
100.5859 1.265343e+00 1.309531e+00
101.5625 1.263237e+00 1.308612e+00
102.5391 1.261265e+00 1.307731e+00
103.5156 1.259321e+00 1.306898e+00
104.4922 1.257514e+00 1.306100e+00
105.4688 1.255721e+00 1.305346e+00
106.4453 1.254068e+00 1.304623e+00
107.4219 1.252414e+00 1.303941e+00
108.3984 1.250900e+00 1.303286e+00
109.3750 1.249360e+00 1.302669e+00
110.3516 1.247930e+00 1.302076e+00
111.3281 1.246353e+00 1.301520e+00
112.3047 1.244563e+00 1.300986e+00
113.2812 1.241599e+00 1.300492e+00
114.2578 1.235370e+00 1.300034e+00
115.2344 1.218818e+00 1.299667e+00
116.2109 1.173268e+00 1.299486e+00
117.1875 1.054692e+00 1.299808e+00
118.1641 8.082538e-01 1.301248e+00
119.1406 4.737947e-01 1.304559e+00
120.1172 2.112213e-01 1.309750e+00
121.0938 7.970744e-02 1.316083e+00
122.0703 2.805079e-02 1.322845e+00
123.0469 9.735052e-03 1.329704e+00
124.0234 3.349373e-03 1.336510e+00
125.0000 1.182251e-03 1.343232e+00
125.9766 4.086078e-04 1.349843e+00
126.9531 1.478791e-04 1.356354e+00
127.9297 5.514314e-05 1.362751e+00
128.9062 1.410409e-05 1.369053e+00
129.8828 1.460343e-05 1.375246e+00
130.8594 -7.207630e-06 1.381349e+00
131.8359 1.286274e-05 1.387348e+00
132.8125 -1.345308e-05 1.393263e+00
133.7891 1.578813e-05 1.399079e+00
134.7656 -1.733500e-05 1.404815e+00
135.7422 1.908557e-05 1.410457e+00
136.7188 -2.067970e-05 1.416024e+00
137.6953 2.227567e-05 1.421501e+00
138.6719 -2.382462e-05 1.426908e+00
139.6484 2.535954e-05 1.432228e+00
140.6250 -2.687551e-05 1.437481e+00
141.6016 2.838563e-05 1.442652e+00
142.5781 -2.988955e-05 1.447760e+00
143.5547 3.139736e-05 1.452789e+00
144.5312 -3.290752e-05 1.457757e+00
145.5078 3.443038e-05 1.462650e+00
146.4844 -3.596235e-05 1.467486e+00
147.4609 3.751505e-05 1.472248e+00
148.4375 -3.908271e-05 1.476957e+00
149.4141 4.067883e-05 1.481595e+00
150.3906 -4.229530e-05 1.486182e+00
151.3672 4.394803e-05 1.490702e+00
152.3438 -4.562637e-05 1.495172e+00
153.3203 4.734920e-05 1.499577e+00
154.2969 -4.910305e-05 1.503936e+00
155.2734 5.091036e-05 1.508231e+00
156.2500 -5.275447e-05 1.512483e+00
157.2266 5.466206e-05 1.516673e+00
158.2031 -5.661289e-05 1.520821e+00
159.1797 5.863866e-05 1.524910e+00
160.1562 -6.071500e-05 1.528959e+00
161.1328 6.287961e-05 1.532950e+00
162.1094 -6.510339e-05 1.536904e+00
163.0859 6.743114e-05 1.540801e+00
164.0625 -6.982834e-05 1.544663e+00
165.0391 7.234827e-05 1.548470e+00
166.0156 -7.495019e-05 1.552243e+00
166.9922 7.769752e-05 1.555963e+00
167.9688 -8.054237e-05 1.559650e+00
168.9453 8.356047e-05 1.563286e+00
169.9219 -8.669560e-05 1.566891e+00
170.8984 9.003857e-05 1.570445e+00
171.8750 -9.352356e-05 1.573971e+00
172.8516 9.725998e-05 1.577447e+00
173.8281 -1.011709e-04 1.580895e+00
174.8047 1.053891e-04 1.584295e+00
175.7812 -1.098249e-04 1.587668e+00
176.7578 1.146408e-04 1.590995e+00
177.7344 -1.197325e-04 1.594296e+00
178.7109 1.253011e-04 1.597552e+00
179.6875 -1.312258e-04 1.600783e+00
180.6641 1.377594e-04 1.603970e+00
181.6406 -1.447629e-04 1.607134e+00
182.6172 1.525599e-04 1.610254e+00
183.5938 -1.609926e-04 1.613353e+00
184.5703 1.704850e-04 1.616407e+00
185.5469 -1.808627e-04 1.619443e+00
186.5234 1.927011e-04 1.622435e+00
187.5000 -2.058048e-04 1.625409e+00
188.4766 2.210455e-04 1.628340e+00
189.4531 -2.379543e-04 1.631254e+00
190.4297 2.591129e-04 1.634125e+00
191.4062 -2.781450e-04 1.636982e+00
192.3828 3.254868e-04 1.639796e+00
193.3594 -2.719092e-04 1.642597e+00
194.3359 7.085294e-04 1.645351e+00
195.3125 1.033340e-03 1.648092e+00
196.2891 7.184946e-03 1.650758e+00
197.2656 2.937907e-02 1.653301e+00
198.2422 1.300444e-01 1.655265e+00
199.2188 4.615746e-01 1.655247e+00
200.1953 1.066036e+00 1.650378e+00
201.1719 1.488691e+00 1.640241e+00
202.1484 1.621887e+00 1.627786e+00
203.1250 1.648033e+00 1.614955e+00
204.1016 1.643756e+00 1.602354e+00
205.0781 1.635285e+00 1.590111e+00
206.0547 1.623755e+00 1.578257e+00
207.0312 1.613533e+00 1.566787e+00
208.0078 1.602141e+00 1.555698e+00
208.9844 1.592005e+00 1.544981e+00
209.9609 1.581072e+00 1.534627e+00
210.9375 1.571179e+00 1.524631e+00
211.9141 1.560688e+00 1.514981e+00
212.8906 1.551079e+00 1.505672e+00
213.8672 1.541010e+00 1.496693e+00
214.8438 1.531711e+00 1.488039e+00
215.8203 1.522049e+00 1.479697e+00
216.7969 1.513075e+00 1.471665e+00
217.7734 1.503813e+00 1.463928e+00
218.7500 1.495173e+00 1.456484e+00
219.7266 1.486304e+00 1.449318e+00
220.7031 1.478005e+00 1.442430e+00
221.6797 1.469523e+00 1.435804e+00
222.6562 1.461568e+00 1.429439e+00
223.6328 1.453468e+00 1.423320e+00
224.6094 1.445859e+00 1.417448e+00
225.5859 1.438135e+00 1.411805e+00
226.5625 1.430870e+00 1.406394e+00
227.5391 1.423516e+00 1.401198e+00
228.5156 1.416595e+00 1.396218e+00
229.4922 1.409605e+00 1.391439e+00
230.4688 1.403024e+00 1.386862e+00
231.4453 1.396390e+00 1.382472e+00
232.4219 1.390144e+00 1.378271e+00
233.3984 1.383860e+00 1.374242e+00
234.3750 1.377944e+00 1.370390e+00
235.3516 1.372001e+00 1.366698e+00
236.3281 1.366408e+00 1.363170e+00
237.3047 1.360798e+00 1.359789e+00
238.2812 1.355521e+00 1.356561e+00
239.2578 1.350234e+00 1.353469e+00
240.2344 1.345265e+00 1.350519e+00
241.2109 1.340292e+00 1.347694e+00
242.1875 1.335622e+00 1.345000e+00
243.1641 1.330952e+00 1.342421e+00
244.1406 1.326572e+00 1.339964e+00
245.1172 1.322195e+00 1.337612e+00
246.0938 1.318095e+00 1.335372e+00
247.0703 1.314000e+00 1.333229e+00
248.0469 1.310169e+00 1.331189e+00
249.0234 1.306345e+00 1.329237e+00
250.0000 1.302773e+00 1.327381e+00
250.9766 1.299207e+00 1.325605e+00
251.9531 1.295883e+00 1.323918e+00
252.9297 1.292564e+00 1.322303e+00
253.9062 1.289477e+00 1.320770e+00
254.8828 1.286394e+00 1.319303e+00
255.8594 1.283532e+00 1.317911e+00
256.8359 1.280672e+00 1.316579e+00
257.8125 1.278024e+00 1.315316e+00
258.7891 1.275376e+00 1.314107e+00
259.7656 1.272930e+00 1.312962e+00
260.7422 1.270482e+00 1.311865e+00
261.7188 1.268227e+00 1.310828e+00
262.6953 1.265967e+00 1.309834e+00
263.6719 1.263893e+00 1.308894e+00
264.6484 1.261808e+00 1.307993e+00
265.6250 1.259904e+00 1.307143e+00
266.6016 1.257984e+00 1.306327e+00
267.5781 1.256238e+00 1.305558e+00
268.5547 1.254470e+00 1.304819e+00
269.5312 1.252869e+00 1.304124e+00
270.5078 1.251229e+00 1.303455e+00
271.4844 1.249726e+00 1.302827e+00
272.4609 1.248083e+00 1.302223e+00
273.4375 1.246298e+00 1.301657e+00
274.4141 1.243505e+00 1.301118e+00
275.3906 1.237959e+00 1.300630e+00
276.3672 1.223559e+00 1.300210e+00
277.3438 1.184040e+00 1.299969e+00
278.3203 1.079351e+00 1.300159e+00
279.2969 8.520409e-01 1.301379e+00
280.2734 5.203438e-01 1.304384e+00
281.2500 2.396732e-01 1.309353e+00
282.2266 9.180554e-02 1.315573e+00
283.2031 3.246632e-02 1.322315e+00
284.1797 1.126497e-02 1.329170e+00
285.1562 3.864123e-03 1.336000e+00
286.1328 1.371741e-03 1.342733e+00
287.1094 4.581371e-04 1.349372e+00
288.0859 1.839332e-04 1.355894e+00
289.0625 4.672417e-05 1.362319e+00
290.0391 3.447561e-05 1.368631e+00
291.0156 -3.559486e-06 1.374849e+00
291.9922 1.375871e-05 1.380961e+00
292.9688 -9.055682e-06 1.386985e+00
293.9453 1.007734e-05 1.392907e+00
294.9219 -9.106398e-06 1.398747e+00
295.8984 9.021028e-06 1.404490e+00
296.8750 -8.707004e-06 1.410155e+00
297.8516 8.575676e-06 1.415727e+00
298.8281 -8.453346e-06 1.421226e+00
299.8047 8.397919e-06 1.426637e+00
300.7812 -8.375925e-06 1.431979e+00
301.7578 8.394630e-06 1.437236e+00
302.7344 -8.442760e-06 1.442427e+00
303.7109 8.521510e-06 1.447537e+00
304.6875 -8.623369e-06 1.452586e+00
305.6641 8.750005e-06 1.457556e+00
306.6406 -8.894446e-06 1.462468e+00
307.6172 9.059671e-06 1.467305e+00
308.5938 -9.238502e-06 1.472087e+00
309.5703 9.435254e-06 1.476796e+00
310.5469 -9.642255e-06 1.481452e+00
311.5234 9.865098e-06 1.486040e+00
312.5000 -1.009545e-05 1.490576e+00
313.4766 1.034013e-05 1.495047e+00
314.4531 -1.059003e-05 1.499469e+00
315.4297 1.085319e-05 1.503827e+00
316.4062 -1.111959e-05 1.508139e+00
317.3828 1.139852e-05 1.512389e+00
318.3594 -1.167897e-05 1.516595e+00
319.3359 1.197147e-05 1.520742e+00
320.3125 -1.226395e-05 1.524846e+00
321.2891 1.256822e-05 1.528893e+00
322.2656 -1.287107e-05 1.532900e+00
323.2422 1.318564e-05 1.536851e+00
324.2188 -1.349747e-05 1.540764e+00
325.1953 1.382109e-05 1.544623e+00
326.1719 -1.414074e-05 1.548445e+00
327.1484 1.447238e-05 1.552214e+00
328.1250 -1.479887e-05 1.555949e+00
329.1016 1.513765e-05 1.559633e+00
330.0781 -1.547015e-05 1.563283e+00
331.0547 1.581535e-05 1.566884e+00
332.0312 -1.615315e-05 1.570453e+00
333.0078 1.650415e-05 1.573973e+00
333.9844 -1.684663e-05 1.577464e+00
334.9609 1.720290e-05 1.580907e+00
335.9375 -1.754956e-05 1.584321e+00
336.9141 1.791066e-05 1.587690e+00
337.8906 -1.826105e-05 1.591030e+00
338.8672 1.862660e-05 1.594326e+00
339.8438 -1.898034e-05 1.597595e+00
340.8203 1.935003e-05 1.600821e+00
341.7969 -1.970678e-05 1.604022e+00
342.7734 2.008036e-05 1.607180e+00
343.7500 -2.043984e-05 1.610313e+00
344.7266 2.081708e-05 1.613405e+00
345.7031 -2.117906e-05 1.616474e+00
346.6797 2.155978e-05 1.619503e+00
347.6562 -2.192405e-05 1.622509e+00
348.6328 2.230812e-05 1.625475e+00
349.6094 -2.267451e-05 1.628420e+00
350.5859 2.306181e-05 1.631327e+00
351.5625 -2.343017e-05 1.634213e+00
352.5391 2.382063e-05 1.637061e+00
353.5156 -2.419084e-05 1.639889e+00
354.4922 2.458440e-05 1.642681e+00
355.4688 -2.495637e-05 1.645453e+00
356.4453 2.535299e-05 1.648190e+00
357.4219 -2.572665e-05 1.650909e+00
358.3984 2.612633e-05 1.653592e+00
359.3750 -2.650161e-05 1.656257e+00
360.3516 2.690435e-05 1.658888e+00
361.3281 -2.728123e-05 1.661503e+00
362.3047 2.768706e-05 1.664083e+00
363.2812 -2.806551e-05 1.666648e+00
364.2578 2.847447e-05 1.669179e+00
365.2344 -2.885448e-05 1.671696e+00
366.2109 2.926664e-05 1.674179e+00
367.1875 -2.964822e-05 1.676648e+00
368.1641 3.006365e-05 1.679085e+00
369.1406 -3.044682e-05 1.681508e+00
370.1172 3.086562e-05 1.683899e+00
371.0938 -3.125041e-05 1.686277e+00
372.0703 3.167268e-05 1.688624e+00
373.0469 -3.205914e-05 1.690958e+00
374.0234 3.248502e-05 1.693262e+00
375.0000 -3.287320e-05 1.695554e+00
375.9766 3.330281e-05 1.697816e+00
376.9531 -3.369278e-05 1.700066e+00
377.9297 3.412628e-05 1.702287e+00
378.9062 -3.451812e-05 1.704497e+00
379.8828 3.495567e-05 1.706678e+00
380.8594 -3.534948e-05 1.708849e+00
381.8359 3.579126e-05 1.710990e+00
382.8125 -3.618714e-05 1.713122e+00
383.7891 3.663334e-05 1.715226e+00
384.7656 -3.703140e-05 1.717320e+00
385.7422 3.748224e-05 1.719387e+00
386.7188 -3.788260e-05 1.721444e+00
387.6953 3.833830e-05 1.723475e+00
388.6719 -3.874111e-05 1.725496e+00
389.6484 3.920191e-05 1.727491e+00
390.6250 -3.960731e-05 1.729478e+00
391.6016 4.007346e-05 1.731438e+00
392.5781 -4.048162e-05 1.733391e+00
393.5547 4.095340e-05 1.735317e+00
394.5312 -4.136449e-05 1.737236e+00
395.5078 4.184220e-05 1.739130e+00
396.4844 -4.225640e-05 1.741016e+00
397.4609 4.274035e-05 1.742877e+00
398.4375 -4.315787e-05 1.744731e+00
399.4141 4.364838e-05 1.746561e+00
400.3906 -4.406944e-05 1.748384e+00
401.3672 4.456687e-05 1.750183e+00
402.3438 -4.499169e-05 1.751975e+00
403.3203 4.549642e-05 1.753744e+00
404.2969 -4.592526e-05 1.755506e+00
405.2734 4.643769e-05 1.757245e+00
406.2500 -4.687081e-05 1.758979e+00
407.2266 4.739136e-05 1.760689e+00
408.2031 -4.782905e-05 1.762394e+00
409.1797 4.835817e-05 1.764075e+00
410.1562 -4.880074e-05 1.765752e+00
411.1328 4.933892e-05 1.767406e+00
412.1094 -4.978669e-05 1.769055e+00
413.0859 5.033444e-05 1.770682e+00
414.0625 -5.078777e-05 1.772305e+00
415.0391 5.134563e-05 1.773905e+00
416.0156 -5.180490e-05 1.775502e+00
416.9922 5.237347e-05 1.777076e+00
417.9688 -5.283908e-05 1.778647e+00
418.9453 5.341898e-05 1.780195e+00
419.9219 -5.389136e-05 1.781741e+00
420.8984 5.448326e-05 1.783265e+00
421.8750 -5.496289e-05 1.784785e+00
422.8516 5.556751e-05 1.786285e+00
423.8281 -5.605488e-05 1.787781e+00
424.8047 5.667300e-05 1.789257e+00
425.7812 -5.716866e-05 1.790730e+00
426.7578 5.780109e-05 1.792182e+00
427.7344 -5.830563e-05 1.793632e+00
428.7109 5.895327e-05 1.795060e+00
429.6875 -5.946731e-05 1.796487e+00
430.6641 6.013112e-05 1.797894e+00
431.6406 -6.065535e-05 1.799298e+00
432.6172 6.133637e-05 1.800683e+00
433.5938 -6.187153e-05 1.802065e+00
434.5703 6.257087e-05 1.803428e+00
435.5469 -6.311777e-05 1.804789e+00
436.5234 6.383663e-05 1.806131e+00
437.5000 -6.439614e-05 1.807471e+00
438.4766 6.513584e-05 1.808791e+00
439.4531 -6.570891e-05 1.810111e+00
440.4297 6.647087e-05 1.811411e+00
441.4062 -6.705854e-05 1.812710e+00
442.3828 6.784431e-05 1.813990e+00
443.3594 -6.844772e-05 1.815270e+00
444.3359 6.925899e-05 1.816530e+00
445.3125 -6.987938e-05 1.817790e+00
446.2891 7.071799e-05 1.819031e+00
447.2656 -7.135671e-05 1.820272e+00
448.2422 7.222470e-05 1.821494e+00
449.2188 -7.288326e-05 1.822716e+00
450.1953 7.378282e-05 1.823919e+00
451.1719 -7.446287e-05 1.825123e+00
452.1484 7.539646e-05 1.826308e+00
453.1250 -7.609982e-05 1.827494e+00
454.1016 7.707013e-05 1.828661e+00
455.0781 -7.779883e-05 1.829829e+00
456.0547 7.880883e-05 1.830978e+00
457.0312 -7.956511e-05 1.832129e+00
458.0078 8.061811e-05 1.833261e+00
458.9844 -8.140448e-05 1.834394e+00
459.9609 8.250413e-05 1.835509e+00
460.9375 -8.332338e-05 1.836626e+00
461.9141 8.447380e-05 1.837724e+00
462.8906 -8.532907e-05 1.838825e+00
463.8672 8.653483e-05 1.839907e+00
464.8438 -8.742964e-05 1.840990e+00
465.8203 8.869590e-05 1.842056e+00
466.7969 -8.963422e-05 1.843124e+00
467.7734 9.096678e-05 1.844174e+00
468.7500 -9.195312e-05 1.845227e+00
469.7266 9.335856e-05 1.846261e+00
470.7031 -9.439803e-05 1.847298e+00
471.6797 9.588381e-05 1.848318e+00
472.6562 -9.698226e-05 1.849340e+00
473.6328 9.855690e-05 1.850344e+00
474.6094 -9.972104e-05 1.851351e+00
475.5859 1.013943e-04 1.852341e+00
476.5625 -1.026319e-04 1.853333e+00
477.5391 1.044150e-04 1.854308e+00
478.5156 -1.057349e-04 1.855286e+00
479.4922 1.076410e-04 1.856247e+00
480.4688 -1.090537e-04 1.857211e+00
481.4453 1.110979e-04 1.858158e+00
482.4219 -1.126155e-04 1.859108e+00
483.3984 1.148156e-04 1.860041e+00
484.3750 -1.164525e-04 1.860978e+00
485.3516 1.188296e-04 1.861897e+00
486.3281 -1.206029e-04 1.862821e+00
487.3047 1.231818e-04 1.863727e+00
488.2812 -1.251118e-04 1.864637e+00
489.2578 1.279225e-04 1.865530e+00
490.2344 -1.300336e-04 1.866427e+00
491.2109 1.331121e-04 1.867307e+00
492.1875 -1.354341e-04 1.868192e+00
493.1641 1.388243e-04 1.869059e+00
494.1406 -1.413934e-04 1.869932e+00
495.1172 1.451494e-04 1.870786e+00
496.0938 -1.480105e-04 1.871647e+00
497.0703 1.521993e-04 1.872489e+00
498.0469 -1.554083e-04 1.873337e+00
499.0234 1.601142e-04 1.874167e+00
